n__lep 4.11 2.16423196539 1000.0 0.0 0.0
lep__pt 34.8630705078 31.2846093191 4106.0 0.0 4.0
lep__eta 0.00987209931013 1.19179145736 4110.0 0.0 0.0
lep__phi 0.0240522946994 1.80725539302 4110.0 0.0 0.0
lep__mass 0.500347958989 0.494247198454 3514.0 596.0 0.0
lep__id -0.0170316301703 13.5344636043 4110.0 0.0 0.0
n__sig_lep 0.186 0.442045246553 1000.0 0.0 0.0
sig_lep__pt 71.2313186584 42.7441818016 186.0 0.0 0.0
sig_lep__eta 0.0766251253725 1.04245868815 186.0 0.0 0.0
sig_lep__phi 0.372354503911 1.77736901738 186.0 0.0 0.0
sig_lep__mass 0.190617339999 0.272438562258 147.0 39.0 0.0
sig_lep__id 1.15053763441 12.3801317037 186.0 0.0 0.0
n__jet 10.5140562249 3.12053749052 996.0 0.0 4.0
jet__pt 46.7141224273 42.2238881243 10540.0 0.0 14.0
jet__eta 0.0224658756953 1.87783330143 10542.0 7.0 5.0
jet__phi -0.0131222533138 1.80632794845 10554.0 0.0 0.0
jet__mass 8.14170070121 6.49379316614 10554.0 0.0 0.0
jet__id 0.210759590402 3.30506959472 6543.0 0.0 4011.0
n__gen_jet 10.5140562249 3.12053749052 996.0 0.0 4.0
gen_jet__pt 56.7802019743 46.8703426614 7246.0 3294.0 14.0
gen_jet__eta 0.00513778341386 1.57744510706 7252.0 3300.0 2.0
gen_jet__phi -0.0149004965304 1.81055828492 7260.0 3294.0 0.0
gen_jet__mass 9.28775357777 7.21410387463 7260.0 3294.0 0.0
gen_jet__id 0.0 0.0 0.0 10554.0 0.0
gen_t__pt 125.260462383 77.1606840821 990.0 0.0 10.0
gen_t__eta 0.0905419071022 1.8006506493 1000.0 0.0 0.0
gen_t__phi -0.0696439061132 1.82555213356 1000.0 0.0 0.0
gen_t__mass 173.101101379 2.97497469483 1000.0 0.0 0.0
gen_t__b__pt 72.5417377827 42.9907647315 999.0 0.0 1.0
gen_t__b__eta 0.0371712649822 1.43000927318 999.0 0.0 1.0
gen_t__b__phi -0.0198749110452 1.82470341256 1000.0 0.0 0.0
gen_t__b__mass 4.69999990082 0.000306287437903 1000.0 0.0 0.0
gen_t__w_d1__pt 65.4712624163 45.1443829225 999.0 0.0 1.0
gen_t__w_d1__eta 0.0936647267503 1.44139194485 999.0 1.0 0.0
gen_t__w_d1__phi -0.0542197718211 1.80997667479 1000.0 0.0 0.0
gen_t__w_d1__mass 0.0112648089236 0.0212226144693 523.0 477.0 0.0
gen_t__w_d1__id 6.716 5.44934344669 1000.0 0.0 0.0
gen_t__w_d2__pt 53.7035726383 38.6427231518 1000.0 0.0 0.0
gen_t__w_d2__eta 0.00840954382073 1.41767021695 999.0 1.0 0.0
gen_t__w_d2__phi 0.0850467811059 1.80982735553 1000.0 0.0 0.0
gen_t__w_d2__mass 0.400486541578 0.731442777615 660.0 340.0 0.0
gen_t__w_d2__id -5.73 5.44050549122 1000.0 0.0 0.0
gen_tbar__pt 123.627853317 75.273010139 988.0 0.0 12.0
gen_tbar__eta 0.0348691974661 1.81337212036 1000.0 0.0 0.0
gen_tbar__phi -0.0296325708339 1.80997193354 1000.0 0.0 0.0
gen_tbar__mass 173.191452393 2.97752026566 1000.0 0.0 0.0
gen_tbar__b__pt 74.7604240168 43.8812225872 999.0 0.0 1.0
gen_tbar__b__eta -0.0271235211686 1.42803260084 999.0 0.0 1.0
gen_tbar__b__phi -0.0507778699051 1.80481057411 1000.0 0.0 0.0
gen_tbar__b__mass 4.7000080905 0.000664962640494 1000.0 0.0 0.0
gen_tbar__w_d1__pt 54.3231857415 39.2430276815 998.0 0.0 2.0
gen_tbar__w_d1__eta 0.0162828422668 1.38189242482 999.0 0.0 1.0
gen_tbar__w_d1__phi 0.063791586696 1.82256315436 1000.0 0.0 0.0
gen_tbar__w_d1__mass 0.0260175843164 0.0385111671255 598.0 402.0 0.0
gen_tbar__w_d1__id 2.104 7.57094340225 1000.0 0.0 0.0
gen_tbar__w_d2__pt 62.4896402082 42.7835573696 999.0 0.0 1.0
gen_tbar__w_d2__eta 0.0299006852515 1.38559566866 1000.0 0.0 0.0
gen_tbar__w_d2__phi -0.0149746452309 1.85733981943 1000.0 0.0 0.0
gen_tbar__w_d2__mass 0.351101361843 0.696568243192 571.0 429.0 0.0
gen_tbar__w_d2__id -3.098 7.57102344469 1000.0 0.0 0.0
gen_t2__pt 124.861459121 77.6700847542 990.0 0.0 10.0
gen_t2__eta 0.0884127350232 1.80034338496 998.0 1.0 1.0
gen_t2__phi -0.0404658442119 1.80994815674 1000.0 0.0 0.0
gen_t2__mass 173.101101486 2.97497340103 1000.0 0.0 0.0
gen_t2__b__pt 0.0 0.0 0.0 1000.0 0.0
gen_t2__b__eta 0.0 0.0 0.0 1000.0 0.0
gen_t2__b__phi 0.0 0.0 0.0 1000.0 0.0
gen_t2__b__mass 0.0 0.0 0.0 1000.0 0.0
gen_t2__w_d1__pt 0.0 0.0 0.0 1000.0 0.0
gen_t2__w_d1__eta 0.0 0.0 0.0 1000.0 0.0
gen_t2__w_d1__phi 0.0 0.0 0.0 1000.0 0.0
gen_t2__w_d1__mass 0.0 0.0 0.0 1000.0 0.0
gen_t2__w_d1__id 0.0 0.0 0.0 1000.0 0.0
gen_t2__w_d2__pt 0.0 0.0 0.0 1000.0 0.0
gen_t2__w_d2__eta 0.0 0.0 0.0 1000.0 0.0
gen_t2__w_d2__phi 0.0 0.0 0.0 1000.0 0.0
gen_t2__w_d2__mass 0.0 0.0 0.0 1000.0 0.0
gen_t2__w_d2__id 0.0 0.0 0.0 1000.0 0.0
gen_tbar2__pt 122.70182764 76.2727669752 988.0 0.0 12.0
gen_tbar2__eta 0.0268186586675 1.83422392404 999.0 0.0 1.0
gen_tbar2__phi -0.0721740621701 1.81020879553 1000.0 0.0 0.0
gen_tbar2__mass 173.191452042 2.97751947987 1000.0 0.0 0.0
gen_tbar2__b__pt 0.0 0.0 0.0 1000.0 0.0
gen_tbar2__b__eta 0.0 0.0 0.0 1000.0 0.0
gen_tbar2__b__phi 0.0 0.0 0.0 1000.0 0.0
gen_tbar2__b__mass 0.0 0.0 0.0 1000.0 0.0
gen_tbar2__w_d1__pt 0.0 0.0 0.0 1000.0 0.0
gen_tbar2__w_d1__eta 0.0 0.0 0.0 1000.0 0.0
gen_tbar2__w_d1__phi 0.0 0.0 0.0 1000.0 0.0
gen_tbar2__w_d1__mass 0.0 0.0 0.0 1000.0 0.0
gen_tbar2__w_d1__id 0.0 0.0 0.0 1000.0 0.0
gen_tbar2__w_d2__pt 0.0 0.0 0.0 1000.0 0.0
gen_tbar2__w_d2__eta 0.0 0.0 0.0 1000.0 0.0
gen_tbar2__w_d2__phi 0.0 0.0 0.0 1000.0 0.0
gen_tbar2__w_d2__mass 0.0 0.0 0.0 1000.0 0.0
gen_tbar2__w_d2__id 0.0 0.0 0.0 1000.0 0.0
