n__lep 5.423 2.45154461514 1000.0 0.0 0.0
lep__pt 35.7627173802 36.0358984313 5419.0 0.0 4.0
lep__eta -0.0231209927603 1.1615310766 5422.0 1.0 0.0
lep__phi -0.0231454794311 1.80586829038 5423.0 0.0 0.0
lep__mass 0.49926242658 0.492537554006 4742.0 681.0 0.0
lep__id 0.0237875714549 13.5333296261 5423.0 0.0 0.0
n__sig_lep 0.212 0.457226420934 1000.0 0.0 0.0
sig_lep__pt 84.3385374501 60.9302752387 212.0 0.0 0.0
sig_lep__eta -0.102103147968 1.09965306314 212.0 0.0 0.0
sig_lep__phi 0.026932883441 1.77131481636 212.0 0.0 0.0
sig_lep__mass 0.202841969053 0.284180133831 165.0 47.0 0.0
sig_lep__id 0.622641509434 12.3856679425 212.0 0.0 0.0
n__jet 11.8678861789 3.01500738233 984.0 0.0 16.0
jet__pt 55.3783157181 52.8003127433 11971.0 0.0 42.0
jet__eta 0.0294743918691 1.75394205869 11999.0 5.0 9.0
jet__phi 0.015440229085 1.8196332053 12013.0 0.0 0.0
jet__mass 9.52975985279 8.79600290014 12013.0 0.0 0.0
jet__bd_csv 0.0 0.0 0.0 0.0 0.0
jet__id 0.115784265215 3.75531333834 8084.0 0.0 3929.0
n__gen_jet 11.8678861789 3.01500738233 984.0 0.0 16.0
gen_jet__pt 67.345665624 57.8340190612 8800.0 3169.0 44.0
gen_jet__eta 0.0108273523797 1.45273989969 8837.0 3172.0 4.0
gen_jet__phi 0.0173650093076 1.81809519953 8844.0 3169.0 0.0
gen_jet__mass 10.8976649167 9.36087213782 8844.0 3169.0 0.0
gen_jet__bd_csv 0.0 0.0 0.0 0.0 0.0
gen_jet__id 0.0 0.0 0.0 12013.0 0.0
gen_t__pt 156.610574439 86.5810453979 935.0 0.0 65.0
gen_t__eta -0.0197030555163 1.61581980483 999.0 0.0 1.0
gen_t__phi -0.0223374374183 1.79621490511 1000.0 0.0 0.0
gen_t__mass 175.103201401 2.27977144182 1000.0 0.0 0.0
gen_t__b__pt 88.6413678581 59.7147945307 994.0 0.0 6.0
gen_t__b__eta -0.00901494692918 1.33833904343 1000.0 0.0 0.0
gen_t__b__phi 0.0231506200084 1.80286090872 1000.0 0.0 0.0
gen_t__b__mass 4.80000019073 7.65635524909e-07 1000.0 0.0 0.0
gen_t__w_d1__pt 60.7980016804 51.2101136073 999.0 0.0 1.0
gen_t__w_d1__eta -0.00558287570844 1.3680473663 1000.0 0.0 0.0
gen_t__w_d1__phi 0.015160292288 1.79180950954 1000.0 0.0 0.0
gen_t__w_d1__mass 0.466591019797 0.459585603744 1000.0 0.0 0.0
gen_t__w_d1__id -5.408 5.23464764812 1000.0 0.0 0.0
gen_t__w_d2__pt 76.4487613762 59.7522631801 996.0 0.0 4.0
gen_t__w_d2__eta -0.00464312811059 1.32722985448 1000.0 0.0 0.0
gen_t__w_d2__phi -0.0464363454561 1.81483958727 1000.0 0.0 0.0
gen_t__w_d2__mass 0.726926189644 0.633946258791 849.0 151.0 0.0
gen_t__w_d2__id 6.414 5.23073646822 1000.0 0.0 0.0
gen_tbar__pt 157.99007634 86.6968643035 951.0 0.0 49.0
gen_tbar__eta 0.00605948703352 1.59874979649 1000.0 0.0 0.0
gen_tbar__phi 0.0486345483019 1.82360073685 1000.0 0.0 0.0
gen_tbar__mass 174.970077606 2.47464404549 1000.0 0.0 0.0
gen_tbar__b__pt 88.9419090217 58.4179732967 998.0 0.0 2.0
gen_tbar__b__eta -0.00844017930399 1.33910591588 1000.0 0.0 0.0
gen_tbar__b__phi 0.0602530029186 1.83078615256 1000.0 0.0 0.0
gen_tbar__b__mass 4.80000019073 7.65635524909e-07 1000.0 0.0 0.0
gen_tbar__w_d1__pt 60.4249104186 47.9496827499 1000.0 0.0 0.0
gen_tbar__w_d1__eta -0.00737839911785 1.32741791841 1000.0 0.0 0.0
gen_tbar__w_d1__phi 0.0106617844151 1.83034162917 1000.0 0.0 0.0
gen_tbar__w_d1__mass 0.50934610808 0.51954482587 1000.0 0.0 0.0
gen_tbar__w_d1__id 5.776 5.38941777932 1000.0 0.0 0.0
gen_tbar__w_d2__pt 73.9246552758 55.1877611565 997.0 0.0 3.0
gen_tbar__w_d2__eta -0.0190209035633 1.30258244154 999.0 1.0 0.0
gen_tbar__w_d2__phi 0.102435933465 1.78971263589 1000.0 0.0 0.0
gen_tbar__w_d2__mass 0.754576620322 0.644026067266 826.0 174.0 0.0
gen_tbar__w_d2__id -6.786 5.38165439247 1000.0 0.0 0.0
gen_t2__pt 156.610574439 86.5810453979 935.0 0.0 65.0
gen_t2__eta -0.0197030555163 1.61581980483 999.0 0.0 1.0
gen_t2__phi -0.0223374374183 1.79621490511 1000.0 0.0 0.0
gen_t2__mass 175.103201401 2.27977144182 1000.0 0.0 0.0
gen_t2__b__pt 0.0 0.0 0.0 1000.0 0.0
gen_t2__b__eta 0.0 0.0 0.0 1000.0 0.0
gen_t2__b__phi 0.0 0.0 0.0 1000.0 0.0
gen_t2__b__mass 0.0 0.0 0.0 1000.0 0.0
gen_t2__w_d1__pt 0.0 0.0 0.0 1000.0 0.0
gen_t2__w_d1__eta 0.0 0.0 0.0 1000.0 0.0
gen_t2__w_d1__phi 0.0 0.0 0.0 1000.0 0.0
gen_t2__w_d1__mass 0.0 0.0 0.0 1000.0 0.0
gen_t2__w_d1__id 0.0 0.0 0.0 1000.0 0.0
gen_t2__w_d2__pt 0.0 0.0 0.0 1000.0 0.0
gen_t2__w_d2__eta 0.0 0.0 0.0 1000.0 0.0
gen_t2__w_d2__phi 0.0 0.0 0.0 1000.0 0.0
gen_t2__w_d2__mass 0.0 0.0 0.0 1000.0 0.0
gen_t2__w_d2__id 0.0 0.0 0.0 1000.0 0.0
gen_tbar2__pt 157.99007634 86.6968643035 951.0 0.0 49.0
gen_tbar2__eta 0.00605948703352 1.59874979649 1000.0 0.0 0.0
gen_tbar2__phi 0.0486345483019 1.82360073685 1000.0 0.0 0.0
gen_tbar2__mass 174.970077606 2.47464404549 1000.0 0.0 0.0
gen_tbar2__b__pt 0.0 0.0 0.0 1000.0 0.0
gen_tbar2__b__eta 0.0 0.0 0.0 1000.0 0.0
gen_tbar2__b__phi 0.0 0.0 0.0 1000.0 0.0
gen_tbar2__b__mass 0.0 0.0 0.0 1000.0 0.0
gen_tbar2__w_d1__pt 0.0 0.0 0.0 1000.0 0.0
gen_tbar2__w_d1__eta 0.0 0.0 0.0 1000.0 0.0
gen_tbar2__w_d1__phi 0.0 0.0 0.0 1000.0 0.0
gen_tbar2__w_d1__mass 0.0 0.0 0.0 1000.0 0.0
gen_tbar2__w_d1__id 0.0 0.0 0.0 1000.0 0.0
gen_tbar2__w_d2__pt 0.0 0.0 0.0 1000.0 0.0
gen_tbar2__w_d2__eta 0.0 0.0 0.0 1000.0 0.0
gen_tbar2__w_d2__phi 0.0 0.0 0.0 1000.0 0.0
gen_tbar2__w_d2__mass 0.0 0.0 0.0 1000.0 0.0
gen_tbar2__w_d2__id 0.0 0.0 0.0 1000.0 0.0
