n__lep 5.983 2.77068782074 1000.0 0.0 0.0
lep__pt 36.9069303179 34.0163154549 5978.0 0.0 5.0
lep__eta 0.0494605706119 1.14540285507 5983.0 0.0 0.0
lep__phi 0.0231429974897 1.80629323984 5983.0 0.0 0.0
lep__mass 0.500584614453 0.498603396577 5196.0 787.0 0.0
lep__id 0.151930469664 13.5550757809 5983.0 0.0 0.0
n__sig_lep 0.32 0.574108003776 1000.0 0.0 0.0
sig_lep__pt 65.9138485789 40.2419397454 320.0 0.0 0.0
sig_lep__eta -0.00431045466248 1.12209191171 320.0 0.0 0.0
sig_lep__phi -0.084806041015 1.81003137993 320.0 0.0 0.0
sig_lep__mass 0.214350101499 0.28122674067 243.0 77.0 0.0
sig_lep__id 0.7375 12.4380904382 320.0 0.0 0.0
n__jet 9.491 2.50717350816 1000.0 0.0 0.0
jet__pt 62.079511284 55.0859429401 9433.0 0.0 58.0
jet__eta 0.0580196469975 1.51632947915 9487.0 3.0 1.0
jet__phi 0.0106135492967 1.81311723408 9491.0 0.0 0.0
jet__mass 9.87646688269 9.45931241581 9491.0 0.0 0.0
jet__bd_csv 0.0 0.0 0.0 0.0 0.0
jet__id 0.3149630077 3.81785555155 6623.0 0.0 2868.0
n__gen_jet 9.491 2.50717350816 1000.0 0.0 0.0
gen_jet__pt 71.2306892751 59.7269033478 8704.0 713.0 74.0
gen_jet__eta 0.060052147382 1.42082232101 8775.0 714.0 2.0
gen_jet__phi 0.0108874934205 1.81494603776 8778.0 713.0 0.0
gen_jet__mass 11.6220123947 10.5623883814 8777.0 714.0 0.0
gen_jet__bd_csv 0.0 0.0 0.0 0.0 0.0
gen_jet__id 0.0 0.0 0.0 9491.0 0.0
gen_t__pt 151.425564139 87.2380826055 958.0 0.0 42.0
gen_t__eta 0.144913745636 1.6033546358 998.0 0.0 2.0
gen_t__phi 0.17742008778 1.81423286492 1000.0 0.0 0.0
gen_t__mass 173.088275772 2.6368849391 1000.0 0.0 0.0
gen_t__b__pt 87.7110633228 58.1069739783 996.0 0.0 4.0
gen_t__b__eta 0.0973750059694 1.26881460003 1000.0 0.0 0.0
gen_t__b__phi 0.0291936809886 1.85501702892 1000.0 0.0 0.0
gen_t__b__mass 4.70000212717 0.000522310159283 1000.0 0.0 0.0
gen_t__w_d1__pt 72.0241394043 53.0578726611 998.0 0.0 2.0
gen_t__w_d1__eta 0.0958786208073 1.32478344854 999.0 0.0 1.0
gen_t__w_d1__phi 0.0416107667927 1.78923795395 1000.0 0.0 0.0
gen_t__w_d1__mass 0.734106503959 0.637415210192 833.0 167.0 0.0
gen_t__w_d1__id 6.762 5.37469589837 1000.0 0.0 0.0
gen_t__w_d2__pt 60.4262414981 46.6927615333 1000.0 0.0 0.0
gen_t__w_d2__eta 0.109559250731 1.34455499362 1000.0 0.0 0.0
gen_t__w_d2__phi 0.00943118709826 1.8167419498 1000.0 0.0 0.0
gen_t__w_d2__mass 0.531581094504 0.498512609068 938.0 62.0 0.0
gen_t__w_d2__id -5.75 5.38307532921 1000.0 0.0 0.0
gen_tbar__pt 146.346611536 80.0486063623 960.0 0.0 40.0
gen_tbar__eta 0.0512359443827 1.61223576661 999.0 1.0 0.0
gen_tbar__phi -0.0777299222931 1.80769663239 1000.0 0.0 0.0
gen_tbar__mass 173.11811348 3.2883530166 1000.0 0.0 0.0
gen_tbar__b__pt 84.7292912546 56.2457518199 994.0 2.0 4.0
gen_tbar__b__eta 0.0254002700589 1.33983916072 996.0 3.0 1.0
gen_tbar__b__phi 0.0542748218497 1.82754393058 998.0 2.0 0.0
gen_tbar__b__mass 4.70001084246 0.000934309731234 998.0 2.0 0.0
gen_tbar__w_d1__pt 63.6897431011 48.016039886 997.0 2.0 1.0
gen_tbar__w_d1__eta 0.0325237752642 1.3333486632 998.0 2.0 0.0
gen_tbar__w_d1__phi -0.076684784758 1.82797868028 998.0 2.0 0.0
gen_tbar__w_d1__mass 0.341567578853 0.17467720499 827.0 173.0 0.0
gen_tbar__w_d1__id -3.15531062124 7.55666150624 998.0 2.0 0.0
gen_tbar__w_d2__pt 65.6426285532 49.8108337894 997.0 2.0 1.0
gen_tbar__w_d2__eta 0.0542931496573 1.33529468637 998.0 2.0 0.0
gen_tbar__w_d2__phi -0.0594624994838 1.77501853867 998.0 2.0 0.0
gen_tbar__w_d2__mass 0.871948177101 0.671227758059 940.0 60.0 0.0
gen_tbar__w_d2__id 2.15931863727 7.5539255967 998.0 2.0 0.0
gen_t2__pt 152.142939631 86.8386703936 963.0 0.0 37.0
gen_t2__eta 0.163271376628 1.60342874273 999.0 0.0 1.0
gen_t2__phi 0.14924725038 1.84599254069 1000.0 0.0 0.0
gen_t2__mass 173.08827507 2.63688648068 1000.0 0.0 0.0
gen_t2__b__pt 0.0 0.0 0.0 1000.0 0.0
gen_t2__b__eta 0.0 0.0 0.0 1000.0 0.0
gen_t2__b__phi 0.0 0.0 0.0 1000.0 0.0
gen_t2__b__mass 0.0 0.0 0.0 1000.0 0.0
gen_t2__w_d1__pt 0.0 0.0 0.0 1000.0 0.0
gen_t2__w_d1__eta 0.0 0.0 0.0 1000.0 0.0
gen_t2__w_d1__phi 0.0 0.0 0.0 1000.0 0.0
gen_t2__w_d1__mass 0.0 0.0 0.0 1000.0 0.0
gen_t2__w_d1__id 0.0 0.0 0.0 1000.0 0.0
gen_t2__w_d2__pt 0.0 0.0 0.0 1000.0 0.0
gen_t2__w_d2__eta 0.0 0.0 0.0 1000.0 0.0
gen_t2__w_d2__phi 0.0 0.0 0.0 1000.0 0.0
gen_t2__w_d2__mass 0.0 0.0 0.0 1000.0 0.0
gen_t2__w_d2__id 0.0 0.0 0.0 1000.0 0.0
gen_tbar2__pt 149.918862742 80.5732877192 961.0 0.0 39.0
gen_tbar2__eta 0.0625444428962 1.60842329753 999.0 1.0 0.0
gen_tbar2__phi -0.0412995770387 1.80477160855 1000.0 0.0 0.0
gen_tbar2__mass 173.118113586 3.28835159398 1000.0 0.0 0.0
gen_tbar2__b__pt 0.0 0.0 0.0 1000.0 0.0
gen_tbar2__b__eta 0.0 0.0 0.0 1000.0 0.0
gen_tbar2__b__phi 0.0 0.0 0.0 1000.0 0.0
gen_tbar2__b__mass 0.0 0.0 0.0 1000.0 0.0
gen_tbar2__w_d1__pt 0.0 0.0 0.0 1000.0 0.0
gen_tbar2__w_d1__eta 0.0 0.0 0.0 1000.0 0.0
gen_tbar2__w_d1__phi 0.0 0.0 0.0 1000.0 0.0
gen_tbar2__w_d1__mass 0.0 0.0 0.0 1000.0 0.0
gen_tbar2__w_d1__id 0.0 0.0 0.0 1000.0 0.0
gen_tbar2__w_d2__pt 0.0 0.0 0.0 1000.0 0.0
gen_tbar2__w_d2__eta 0.0 0.0 0.0 1000.0 0.0
gen_tbar2__w_d2__phi 0.0 0.0 0.0 1000.0 0.0
gen_tbar2__w_d2__mass 0.0 0.0 0.0 1000.0 0.0
gen_tbar2__w_d2__id 0.0 0.0 0.0 1000.0 0.0
