n__lep 4.245 2.12155014082 1000.0 0.0 0.0
lep__pt 34.6258825706 30.313137288 4241.0 0.0 4.0
lep__eta 0.020752145503 1.20196192023 4245.0 0.0 0.0
lep__phi 0.012373631147 1.81873277375 4245.0 0.0 0.0
lep__mass 0.491424571435 0.495801551097 3678.0 567.0 0.0
lep__id 0.265959952886 13.5380346399 4245.0 0.0 0.0
n__sig_lep 0.274 0.512761152975 1000.0 0.0 0.0
sig_lep__pt 60.8432088977 32.5827928449 274.0 0.0 0.0
sig_lep__eta 0.0862551779073 1.03915667477 274.0 0.0 0.0
sig_lep__phi -0.0633200998044 1.93811804548 274.0 0.0 0.0
sig_lep__mass 0.251091040109 0.352782224927 218.0 56.0 0.0
sig_lep__id 0.343065693431 12.5357520577 274.0 0.0 0.0
n__jet 7.18 2.31335254555 1000.0 0.0 0.0
jet__pt 53.8159654753 44.0173457899 7166.0 0.0 14.0
jet__eta 0.0226354455593 1.62875438261 7176.0 2.0 2.0
jet__phi 0.00942629156202 1.80845975617 7180.0 0.0 0.0
jet__mass 8.38374305704 6.26333187914 7180.0 0.0 0.0
jet__bd_csv 0.0 0.0 0.0 0.0 0.0
jet__id 0.208384208384 3.67416855419 4914.0 0.0 2266.0
n__gen_jet 7.18 2.31335254555 1000.0 0.0 0.0
gen_jet__pt 62.2546173676 48.2326148805 6410.0 753.0 17.0
gen_jet__eta 0.0227901137024 1.50694898545 6422.0 755.0 3.0
gen_jet__phi 0.00615056970774 1.80819406424 6427.0 753.0 0.0
gen_jet__mass 9.90102906455 7.15346163858 6426.0 754.0 0.0
gen_jet__bd_csv 0.0 0.0 0.0 0.0 0.0
gen_jet__id 0.0 0.0 0.0 7180.0 0.0
gen_t__pt 123.551237477 75.1404585066 985.0 0.0 15.0
gen_t__eta 0.0254952865111 1.84215184903 997.0 1.0 2.0
gen_t__phi 0.0272478545695 1.81277001367 1000.0 0.0 0.0
gen_t__mass 173.405984833 3.38288853417 1000.0 0.0 0.0
gen_t__b__pt 75.4673960966 46.5884681714 997.0 0.0 3.0
gen_t__b__eta 0.0447279739497 1.44789124112 999.0 0.0 1.0
gen_t__b__phi -0.0074571635137 1.80304182435 1000.0 0.0 0.0
gen_t__b__mass 4.6999851799 0.000548370175985 1000.0 0.0 0.0
gen_t__w_d1__pt 64.1536503522 45.392172703 1000.0 0.0 0.0
gen_t__w_d1__eta 0.0205776012016 1.47464380475 1000.0 0.0 0.0
gen_t__w_d1__phi -0.00488638323266 1.81190978093 1000.0 0.0 0.0
gen_t__w_d1__mass 0.0120975312301 0.0166588622777 509.0 491.0 0.0
gen_t__w_d1__id 6.812 5.3870823272 1000.0 0.0 0.0
gen_t__w_d2__pt 51.503924286 37.316847571 1000.0 0.0 0.0
gen_t__w_d2__eta 0.0184495755357 1.41836037875 999.0 1.0 0.0
gen_t__w_d2__phi 0.12466577962 1.84040203026 1000.0 0.0 0.0
gen_t__w_d2__mass 0.315340710975 0.646884696616 698.0 302.0 0.0
gen_t__w_d2__id -5.804 5.39273437136 1000.0 0.0 0.0
gen_tbar__pt 122.865527463 73.6206870228 989.0 0.0 11.0
gen_tbar__eta 0.0223159965711 1.80433221677 998.0 2.0 0.0
gen_tbar__phi -0.085253794556 1.80484112205 1000.0 0.0 0.0
gen_tbar__mass 173.171230652 3.00393131124 1000.0 0.0 0.0
gen_tbar__b__pt 75.9761802058 44.1033217225 1000.0 0.0 0.0
gen_tbar__b__eta 0.0081856726684 1.38362120146 999.0 0.0 1.0
gen_tbar__b__phi -0.110699600384 1.76634378392 1000.0 0.0 0.0
gen_tbar__b__mass 4.69999305868 0.000248038095863 1000.0 0.0 0.0
gen_tbar__w_d1__pt 52.051979008 39.1266241444 1000.0 0.0 0.0
gen_tbar__w_d1__eta -0.036498761917 1.40955737659 997.0 3.0 0.0
gen_tbar__w_d1__phi -0.0139194235224 1.84316270637 1000.0 0.0 0.0
gen_tbar__w_d1__mass 0.0268059157824 0.0398254955755 611.0 389.0 0.0
gen_tbar__w_d1__id 2.46 7.65365272272 1000.0 0.0 0.0
gen_tbar__w_d2__pt 62.4646043336 43.0947703405 1000.0 0.0 0.0
gen_tbar__w_d2__eta 0.0143057930935 1.44900210038 998.0 0.0 2.0
gen_tbar__w_d2__phi -0.0319476862014 1.80824840331 1000.0 0.0 0.0
gen_tbar__w_d2__mass 0.345519189667 0.706822714316 572.0 428.0 0.0
gen_tbar__w_d2__id -3.452 7.6559582026 1000.0 0.0 0.0
gen_t2__pt 121.812581396 75.4803943263 985.0 0.0 15.0
gen_t2__eta 0.00826570540395 1.85312280028 997.0 0.0 3.0
gen_t2__phi -0.000450264504878 1.81495725851 1000.0 0.0 0.0
gen_t2__mass 173.405987106 3.38289245428 1000.0 0.0 0.0
gen_t2__b__pt 0.0 0.0 0.0 1000.0 0.0
gen_t2__b__eta 0.0 0.0 0.0 1000.0 0.0
gen_t2__b__phi 0.0 0.0 0.0 1000.0 0.0
gen_t2__b__mass 0.0 0.0 0.0 1000.0 0.0
gen_t2__w_d1__pt 0.0 0.0 0.0 1000.0 0.0
gen_t2__w_d1__eta 0.0 0.0 0.0 1000.0 0.0
gen_t2__w_d1__phi 0.0 0.0 0.0 1000.0 0.0
gen_t2__w_d1__mass 0.0 0.0 0.0 1000.0 0.0
gen_t2__w_d1__id 0.0 0.0 0.0 1000.0 0.0
gen_t2__w_d2__pt 0.0 0.0 0.0 1000.0 0.0
gen_t2__w_d2__eta 0.0 0.0 0.0 1000.0 0.0
gen_t2__w_d2__phi 0.0 0.0 0.0 1000.0 0.0
gen_t2__w_d2__mass 0.0 0.0 0.0 1000.0 0.0
gen_t2__w_d2__id 0.0 0.0 0.0 1000.0 0.0
gen_tbar2__pt 121.786159551 73.5769247681 989.0 0.0 11.0
gen_tbar2__eta -0.00147265671121 1.80541313913 996.0 1.0 3.0
gen_tbar2__phi -0.0287325406319 1.79234885358 1000.0 0.0 0.0
gen_tbar2__mass 173.171232254 3.00393184835 1000.0 0.0 0.0
gen_tbar2__b__pt 0.0 0.0 0.0 1000.0 0.0
gen_tbar2__b__eta 0.0 0.0 0.0 1000.0 0.0
gen_tbar2__b__phi 0.0 0.0 0.0 1000.0 0.0
gen_tbar2__b__mass 0.0 0.0 0.0 1000.0 0.0
gen_tbar2__w_d1__pt 0.0 0.0 0.0 1000.0 0.0
gen_tbar2__w_d1__eta 0.0 0.0 0.0 1000.0 0.0
gen_tbar2__w_d1__phi 0.0 0.0 0.0 1000.0 0.0
gen_tbar2__w_d1__mass 0.0 0.0 0.0 1000.0 0.0
gen_tbar2__w_d1__id 0.0 0.0 0.0 1000.0 0.0
gen_tbar2__w_d2__pt 0.0 0.0 0.0 1000.0 0.0
gen_tbar2__w_d2__eta 0.0 0.0 0.0 1000.0 0.0
gen_tbar2__w_d2__phi 0.0 0.0 0.0 1000.0 0.0
gen_tbar2__w_d2__mass 0.0 0.0 0.0 1000.0 0.0
gen_tbar2__w_d2__id 0.0 0.0 0.0 1000.0 0.0
